5024	960	-16724	-37	-14	-5
5016	1012	-16348	-32	-17	-2
4972	1024	-16424	-53	-8	-7
5044	1000	-16600	-40	-19	1
5004	1008	-16464	-34	-16	-1
4996	844	-16424	-33	-20	-1
4984	880	-16544	-34	-19	-5
4956	948	-16420	-34	-19	-5
4968	964	-16420	-41	-12	-6
5088	968	-16480	-45	-17	0
4980	1060	-16492	-40	-11	-3
5052	948	-16540	-42	-15	-1
4952	968	-16324	-29	-21	-2
4860	936	-16508	-28	-18	0
5024	1048	-16692	-43	-10	1
4880	856	-16452	2	-30	8
5532	-420	-16760	194	-895	188
-4648	-124	-16536	-153	-735	143
-4148	136	-16292	-38	375	157
-4064	180	-16236	-98	-152	3
-4072	288	-16520	-22	30	9
-4212	340	-16820	-53	-49	-2
-4096	268	-16600	-24	10	4
-4072	316	-16412	-47	-39	-16
-4072	348	-16452	-54	-18	-17
-4008	312	-16460	-32	-9	3
-3996	216	-16496	-33	-7	-3
-3972	280	-16576	-40	-23	-4
-3784	244	-16596	-27	24	-2
-3960	292	-16496	-47	-17	-3
-4016	328	-16596	-40	-48	13
-3200	-1160	-18284	408	1019	-45
10472	1804	-6960	-673	3664	251
15656	1580	-4400	16	-140	27
15764	1464	-6484	11	-70	-7
15416	1464	-6796	-20	-61	6
15352	1424	-6784	-26	-38	11
15436	1448	-6744	-32	12	-1
15236	1380	-6636	-38	-4	10
15272	1368	-6900	-52	-13	-14
15784	1468	-6756	-42	-9	30
15752	1580	-7104	2	-43	-7
15212	1568	-7040	-33	-30	-27
15404	1528	-7092	-28	-3	-9
15512	1448	-6528	-21	-325	73
11856	-2060	-13460	-220	-2144	110
3224	-9676	-15140	1240	-208	-89
3212	-10492	-13332	169	-191	98
2416	-11508	-12900	14	-15	5
2208	-11404	-12208	-3	-3	-39
2416	-11288	-11816	-65	-39	-6
2296	-11276	-12496	-28	6	-17
2864	-11332	-12276	27	27	-40
2432	-11192	-12028	-62	-19	-40
2508	-11368	-12200	-35	-31	49
2768	-11316	-12440	-87	-69	23
2684	-11100	-12592	-61	16	13
3120	-10488	-15004	-791	302	-462
2768	-1692	-15692	-957	677	-1143
7764	1464	-15908	-3458	-1646	245
948	14212	-3088	-1634	-478	-651
-596	14940	-8092	-124	-172	47
92	14812	-7516	76	168	61
404	14428	-9032	-41	-34	-8
-276	14604	-8184	-53	41	-29
468	14580	-8524	-87	-75	-32
-64	14448	-7840	-72	-19	-58
20	14640	-8028	-65	-54	1
-304	14780	-8116	-2	53	12
-204	14720	-8000	-13	-23	-31
-272	14500	-7812	-31	-9	-49
-828	14556	-7820	-8	-4	0
-456	14676	-7916	-44	-41	8
-620	13248	-6380	635	385	90
7348	6868	-16540	503	185	393
7280	3572	-16628	257	198	230
6976	2964	-15548	-30	-39	25
7320	2644	-15784	88	-34	149
6524	1700	-15796	93	-100	14
6256	448	-16476	182	-133	60
4288	-1688	-16400	-325	-16	-118
4704	-776	-15904	-128	-57	-2
4832	-16	-16584	-37	-25	28
5116	-212	-16616	12	-18	-25
5124	-28	-16508	-64	-21	-4
5036	44	-16536	-43	-16	-6
5100	60	-16460	-41	-16	-16
5096	84	-16560	-45	-18	-11
5216	240	-16464	-70	-18	-1
5108	120	-16444	-9	-16	9
5136	152	-16544	-44	-9	-4
5056	184	-16376	-47	-11	-4
5124	128	-16568	-59	-24	-10
5124	56	-16604	-18	-12	8
5136	152	-16296	-49	-14	-13
5088	160	-16548	-35	-16	-1
4980	144	-16520	-29	-22	0
5040	-52	-16652	-17	-15	9
5092	4	-16580	-28	-17	0
5056	132	-16500	-30	-13	2
5040	180	-16632	-37	-21	-7
5036	92	-16368	-27	-11	0
5064	76	-16456	-25	-19	19
5100	232	-16400	-22	-22	2
5072	36	-16436	-6	-5	-2
5096	108	-16388	-22	-11	4
5092	168	-16716	-51	-20	-10
5184	108	-16440	-28	-14	0
5052	116	-16640	-41	-15	2
5004	152	-16448	-14	-13	6
5260	116	-16576	-11	-11	21
5164	164	-16204	-29	-15	-10
5084	84	-16476	-9	-7	2
4868	108	-16332	-49	-12	-6
5048	220	-16604	-36	-12	0
5016	196	-16424	-26	-16	6
5132	252	-16604	-19	-15	5
5084	160	-16440	-58	-20	-12
5112	176	-16548	-42	-18	-6
5088	60	-16340	-34	-18	0
5084	184	-16356	-38	-17	-8
5044	236	-16488	-34	-14	-4
4968	100	-16312	-10	-9	17
5224	180	-16488	-61	-18	-14
5068	284	-16420	-26	-20	0
5164	188	-16512	-35	-16	-2
5120	256	-16408	-30	-20	-8
4992	224	-16536	-6	-6	10
4972	216	-16592	-25	-13	5
5136	220	-16528	-56	-22	-10
4940	172	-16416	-27	-13	3
5104	220	-16368	-37	-19	-4
5128	240	-16424	-42	-17	-7
5016	244	-16388	-11	-11	3
5036	192	-16548	-53	-19	-7
5036	196	-16512	-32	-14	-2
5028	168	-16332	-53	-21	-6
4944	72	-16296	-35	-19	0
5032	104	-16392	-24	-14	0
5040	260	-16464	-34	-15	-4
5032	208	-16508	-41	-16	-5
5044	196	-16504	-46	-16	-9
5012	244	-16440	-24	-14	1
5060	252	-16440	-45	-18	-7
5068	100	-16348	-46	-20	-4
5036	304	-16528	-94	-30	-8
4824	500	-16300	2	-4	11
5036	548	-16520	48	-1	-52
4972	428	-16464	-81	-25	-23
4912	452	-16596	-51	-21	7
4896	636	-16428	-22	-6	-28
5040	380	-16608	-34	-17	-8
4996	556	-16412	-39	-16	-12
4968	352	-16676	-53	-23	-6
5004	440	-16524	-58	-23	-3
4940	476	-16516	-36	-18	-1
5052	492	-16624	-41	-23	-9
5012	520	-16476	-38	-12	0
4992	504	-16576	-69	-32	-15
4888	564	-16740	-21	-19	16
4924	412	-16384	-73	-19	-23
4976	208	-16460	-17	-11	6
4960	408	-16544	-13	-17	0
4948	288	-16504	-35	-9	9
5008	308	-16512	-56	-9	-12
5064	288	-16708	-44	-14	-7
5136	312	-16512	-23	-13	3
5056	212	-16568	-33	-21	0
4880	192	-16424	-42	-16	-8
4984	276	-16552	-22	-14	18
5048	264	-16616	-27	-13	-2
5016	356	-16604	-41	-17	-6
5156	320	-16488	-28	-17	-4
5012	372	-16560	-44	-18	-7
4948	388	-16472	-24	-14	2
5068	292	-16504	-37	-17	-5
5064	360	-16648	-57	-22	-9
4952	316	-16524	-20	-17	6
4992	348	-16580	-43	-19	-6
5060	336	-16408	-36	-12	-19
4952	208	-16544	-31	-21	-4
5044	312	-16536	-27	-13	0
5032	308	-16544	-64	-29	-20
4944	248	-16716	-36	-15	-7
5000	264	-16592	-28	-14	0
4968	456	-16520	-58	-19	-8
5012	256	-16484	-34	-14	-3
5048	208	-16448	-48	-18	-4
4960	356	-16544	-26	-12	4
5020	344	-16568	-43	-20	-6
4808	288	-16368	2	-11	21
5108	368	-16576	-24	-16	2
4944	272	-16580	-36	-16	-6
4968	320	-16428	-10	-12	0
4852	224	-16360	-39	-23	-5
5028	188	-16476	-59	-25	-9
5016	368	-16672	-51	-22	-6
5012	300	-16632	-28	-13	2
5012	300	-16552	-42	-21	-2
5036	236	-16528	-37	-15	-2
5144	312	-16564	-38	-17	-1
5024	244	-16560	-31	-14	-1
4968	336	-16492	-36	-17	-4
5016	256	-16420	-45	-20	-8
5076	280	-16428	-40	-19	-5
4984	348	-16644	-39	-17	-1
4916	348	-16588	-24	-13	2
5008	304	-16516	-32	-16	-2
5000	360	-16668	-37	-16	-1
4880	256	-16564	-29	-16	1
5028	272	-16464	-42	-20	-3
4992	228	-16696	-44	-16	-6
5140	256	-16468	-37	-14	-19
4988	420	-16496	-60	-18	-17
4932	372	-16256	-61	-19	-19
4960	280	-16612	-55	-24	-9
4940	220	-16400	-14	-15	3
5076	204	-16616	-42	-17	-4
4948	260	-16628	-48	-23	-7
5004	292	-16468	-39	-18	-2
4988	280	-16500	-42	-21	-7
5028	192	-16540	-39	-14	-5
5020	148	-16568	-49	-17	-7
5080	196	-16568	-33	-16	-2
5056	240	-16624	-33	-15	-14
4964	196	-16532	-36	-14	6
4988	380	-16516	-34	-20	-3
4928	176	-16440	-29	-14	5
4984	88	-16480	-38	-16	-2
5088	284	-16564	-49	-13	-6
5040	204	-16396	-28	-16	5
4960	192	-16216	-54	-18	-9
4976	236	-16392	-20	-17	1
5012	216	-16464	-59	-19	-16
5056	272	-16644	-42	-17	-2
4984	280	-16492	-42	-17	-30
5068	260	-16532	-26	-16	3
4992	248	-16560	-54	-17	-8
4896	356	-16384	-39	-17	-4
5004	252	-16672	-50	-11	-5
4968	328	-16504	-31	-16	1
4984	296	-16468	-39	-18	-2
5032	248	-16416	-37	-19	-2
4960	260	-16568	-37	-15	-2
5100	372	-16352	-41	-15	-8
5044	392	-16540	-37	-16	-5
4968	328	-16400	-24	-13	0
4960	256	-16384	-26	-16	2
4984	336	-16472	-48	-21	-9
4944	252	-16632	-37	-13	3
5004	376	-16572	-31	-16	-4
4972	320	-16628	-51	-12	-3
4972	324	-16452	-23	-14	1
5080	296	-16604	-35	-15	1
4996	312	-16496	-38	-14	-8
5044	272	-16356	-36	-18	-5
4988	352	-16404	-33	-18	2
5060	256	-16248	-47	-16	-7
4996	392	-16480	-36	-20	2
5020	236	-16616	-35	-13	-1
4924	356	-16448	-25	-15	3
5036	240	-16552	-37	-15	-1
5000	280	-16532	-40	-18	-4
4984	228	-16572	-46	-21	-6
5024	464	-16380	-44	-20	-8
4952	352	-16572	-22	-9	6
4904	440	-16584	-51	-21	-6
5032	328	-16392	-33	-17	1
5012	236	-16580	-43	-18	-5
4916	276	-16460	-40	-17	0
4940	360	-16604	-48	-20	-2
5028	308	-16532	-30	-14	1
4976	308	-16712	-32	-20	-7
5104	392	-16556	-61	-18	-11
5044	288	-16464	-29	-14	-3
5028	164	-16368	-53	-21	-12
4948	316	-16456	-34	-13	-8
5036	304	-16496	-29	-18	5
5024	328	-16596	-17	-13	-14
5016	228	-16760	-40	-17	-5
4952	368	-16644	-29	-20	7
5012	276	-16700	-21	-16	-7
5028	400	-16672	-28	-12	3
5056	404	-16616	-42	-14	-8
4960	524	-16536	-30	-17	-3
4904	504	-16416	-26	-11	8
5056	512	-16608	-39	-21	-9
4908	580	-16516	-68	-20	-20
5164	304	-16480	-56	-15	-1
4060	468	-16356	2	-149	339
3688	-588	-16792	246	-564	180
-1604	-1384	-17172	79	-1001	-3
-5364	-1376	-16128	-83	38	55
-5388	-1068	-15848	-51	-106	-9
-5884	-1056	-15808	-46	-137	-6
-6000	-1100	-15752	-40	-11	-2
-6160	-1048	-15608	-37	-18	-5
-6320	-1116	-15492	-35	-46	-6
-6420	-940	-15696	-35	-43	1
-6536	-984	-15456	-50	-73	-6
-6580	-1052	-15540	-40	-34	-3
-6868	-1108	-15460	-39	-29	-7
-6928	-996	-15428	-40	-52	-8
-6872	-984	-15392	-43	-37	2
-7668	-788	-14916	-71	-306	-10
-8356	-792	-14516	-28	16	5
-8224	-1008	-14532	-46	-6	-8
-8308	-720	-14464	-37	-11	-7
-8228	-824	-14728	-36	-5	-2
-8128	-868	-14696	-37	-65	-8
-8092	-900	-14584	-36	3	-1
-8156	-856	-14672	-42	-12	-6
-8116	-872	-14696	-36	-18	0
-8132	-752	-14796	-35	-57	-1
-8124	-840	-14580	-33	-31	1
-8108	-816	-14716	-39	-16	-5
-8780	-884	-14256	-32	107	3
-8036	-824	-14944	-40	-16	-32
-8492	-828	-14436	-30	-88	4
-8612	-788	-14540	-37	30	0
-8460	-836	-14372	-33	-91	-9
-5580	-836	-15588	99	1545	-161
10056	-556	-15372	-198	2563	149
14216	940	-9200	-251	670	-136
15284	1284	-5988	-46	36	38
15852	972	-6840	-43	-22	-8
15636	760	-6464	3	-42	29
15804	888	-6488	-18	-41	10
15344	844	-6664	-59	-52	5
15560	748	-6740	-31	-22	4
15772	816	-6824	-34	24	2
15536	860	-6508	-46	-23	8
15420	764	-6832	-37	-15	-22
15504	676	-6604	-33	-48	-20
15776	376	-6932	-27	51	-50
16448	1132	-3144	-351	952	-42
16728	712	-1456	-65	-77	19
16624	888	-1588	-51	-85	35
16684	796	-1836	-46	-19	-6
16576	780	-2164	-14	-31	-21
16760	812	-1728	-26	-36	15
16472	924	-2472	-16	16	-7
16784	692	-2432	-21	-46	6
16528	1084	-5520	3	-538	38
15592	544	-6984	-28	-110	25
15096	620	-7300	-43	-234	-6
15032	648	-7888	-19	-1	23
14452	612	-8296	-18	10	-4
14800	676	-8396	-52	-40	-42
14840	632	-8480	-61	-88	54
14628	660	-8824	2	-38	-17
14640	536	-8692	-28	30	-35
14708	636	-8332	-52	10	-11
14880	676	-8408	-78	215	-57
15308	1048	-8288	-180	-255	-120
11528	104	-13456	421	-2096	694
3100	-3992	-11544	859	-474	10
2692	-9564	-13496	65	-173	42
2252	-10052	-13496	36	-17	-22
2808	-10112	-13272	-42	38	-14
3220	-9844	-13420	-56	109	-69
3532	-9960	-13264	-40	-22	-17
3444	-9928	-13452	-37	-12	-7
3480	-9980	-13348	-25	-37	-11
3408	-10068	-13228	6	-29	-71
4252	-10084	-13192	30	-100	-8
3828	-10148	-13204	-56	-85	33
3744	-10032	-13176	-26	27	-24
3948	-10216	-13068	-42	42	-25
4272	-10496	-12636	202	-209	44
3616	-11308	-10680	200	-149	-100
3960	-12260	-10952	13	18	40
4980	-12124	-11820	26	25	19
3876	-12656	-10328	-23	-16	-1
3948	-12844	-10308	-37	0	13
3828	-12776	-10228	-64	-22	-3
3948	-12808	-10328	-2	12	27
3772	-12952	-10088	-28	-2	4
3924	-12860	-10004	-40	-17	-1
3904	-12804	-10024	-6	-35	-5
3800	-12952	-10024	-35	-9	6
3776	-12932	-10004	-35	-19	-6
3848	-13000	-9940	-44	-16	-5
3860	-13004	-10040	-38	-16	-5
3888	-12936	-10060	-28	-18	-6
3888	-12864	-10044	-26	-17	-3
4212	-12572	-12124	-704	-24	-101
4320	-8664	-14008	-241	-60	-88
6996	-6004	-17332	319	-769	-43
3772	5156	-11432	-2703	-208	-589
-36	14052	-7772	-413	-600	-283
2528	14520	-8248	-143	-161	-65
2488	14412	-7604	10	41	120
2920	14280	-9372	0	-8	75
2808	14048	-8236	-25	6	10
2420	14312	-8540	33	-23	7
2676	14164	-8868	-22	-2	23
2716	14028	-8352	-41	-8	-4
3148	14008	-8892	-18	-63	-14
3248	13972	-8156	-36	-21	56
2744	13956	-8936	-44	-2	-13
3584	13868	-8764	-36	-29	-25
3496	14108	-9152	-414	81	-200
3392	14720	-9832	43	-80	104
4440	13908	-10840	171	103	121
4444	13332	-8444	53	-53	19
4144	12700	-9624	9	-29	-38
4892	11496	-10100	52	-41	135
6044	11220	-11128	-134	-32	-43
5792	11156	-11512	-30	-40	87
5688	10852	-11240	64	-2	116
7184	9828	-12352	-112	28	-48
6304	9660	-12632	-21	32	-52
6984	9772	-12252	-46	-55	5
6800	9820	-11032	-233	-44	-62
3048	11772	-7060	-469	-239	-151
4264	12176	-10612	-102	-20	-22
4644	12064	-10832	-4	50	47
5272	11992	-10384	14	39	22
6244	10968	-12484	536	-32	178
5820	5944	-13900	707	-592	-118
3508	2268	-17792	224	-65	53
1852	772	-17144	-31	0	-46
4228	-116	-17088	-29	179	127
4416	-352	-16920	-192	-228	-526
4992	496	-16612	-38	-14	-11
Arduino doesn't connected
